1.03231947710977 0.26407039962961
1.40011416755787 0.39382595980674
1.36665894089754 0.701438610623314
1.07262126633205 0.732849558779144
1.9450421124972 0.999043410173834
1.14329697835259 0.366083831574164
1.59192900607767 0.992649925126055
1.01854595081411 0.798231641007358
1.28598269196758 0.979779115077578
1.14103453694086 0.255725354791198
1.24965857286591 0.861935500031108
1.26242502767001 0.603843266615432
1.67582556805932 0.33628117936913
1.4711513341857 0.106760113038934
1.90809211980428 0.0823300683105133
1.17000512943806 0.430879432754278
1.59386896879503 0.990759212122598
2.06096557288163 0.881804177887699
2.46975071962707 0.818684431831941
1.16277989149331 0.737295194533975
1.09104216381745 0.993217686751319
1.3001783376524 0.672932204997257
1.11707166192059 0.10144449498362
1.06370743986917 0.85178841085112
1.45482906429554 0.706729947749124
1.71614972434476 0.756129685737688
2.14478245922384 0.998569321104685
1.62267016408062 0.818995803859395
1.1752110203954 0.326069630170409
1.56059511495203 0.941189005621263
1.70307483106283 0.803017105441129
1.23807839310786 0.835001219354794
1.16463977278921 0.147580116657869
1.12470160887325 0.645232659997553
1.16899281380386 0.0264712182900424
1.63421603376134 0.826766086324032
2.4068644487618 0.901144726346722
1.26138253660065 0.593654395856078
1.73460163981361 0.870957336959853
1.28614952754056 0.788359518965008
1.05657552413175 0.885352222446922
1.86624725871716 0.110356512207213
1.03580552750745 0.858970804819985
1.04410812113555 0.671054140030548
1.20002719523238 0.262613272718906
1.36195365432993 0.651907155900373
1.23594984686775 0.695560823977563
1.21457680794918 0.996505376924128
1.24870474460645 0.893236743102795
1.20642118356855 0.383155539696105
1.25636300680038 0.508346777153507
1.52527683220844 0.533120120325105
1.47392169283326 0.214373371163038
1.44664819917955 0.880469382237628
1.34590967826822 0.193601791773481
1.29773533801864 0.245070178970194
1.39050583027938 0.777839968674234
1.03888303733152 0.95694762351235
1.02379593475357 0.598298136115512
1.56703464728836 0.771975469444319
1.02066581946438 0.120758225464775
1.06471090018216 0.880992356356733
1.10406307518048 0.0533719104463013
1.22413772466464 0.844316133915077
1.77260046312965 0.54085318746611
1.54899254878823 0.487861690793852
1.48145731667713 0.720232934926645
1.01671811814734 0.460601918217292
1.37086817036359 0.244423045337495
1.04731932411123 0.56029179414289
1.23713616989693 0.577642575943764
1.01732594161757 0.956997384800433
1.53073375663964 0.0821943645254797
1.59684083524711 0.669054136537687
1.57583956067849 0.919507951976305
1.55605980030426 0.433322097421359
1.511676650815 0.215920699381532
1.25483781433531 0.369280104136648
1.05506544721159 0.438640947681478
1.07526401854693 0.640644966023529
1.14966794110616 0.661277876644372
2.12878556946843 0.862731779432591
1.16621048563188 0.136639456552194
1.50804445313132 0.805930546876381
1.26508038004062 0.723914948810866
1.74013333470746 0.45402028232891
1.01241675524972 0.0153419502798744
1.08546147886526 0.355814579020807
1.12931919726528 0.790941885189089
1.25052501803165 0.31345765154808
1.58900398052937 0.469924280653158
1.00333037713645 0.218235382679416
1.26515256041026 0.599760341366995
1.0509575938155 0.525505566980431
1.0206836749151 0.489838685794865
1.3498322618498 0.0928877268592625
2.05410638712278 0.0961330385863965
1.53918340948413 0.17264321101046
1.67221910224864 0.916606507256728
1.42487249085382 0.391065829486765
1.11171250702315 0.187926477889085
1.2839081300775 0.205828598554212
1.01405801890058 0.273172352654578
1.47237027810312 0.903012974607523
1.8075857319798 0.560755031815109
1.06267995335792 0.999512257373953
1.20557023132427 0.0592901768315124
1.03155144552237 0.896869513730996
1.44083485747381 0.557544968845595
1.16887166799703 0.508557921658105
1.7051989438506 0.199896713586325
1.52199613091196 0.187287687095094
1.65512599306899 0.775001262025609
1.57822519890933 0.311837734882513
1.70174483838147 0.783101137315034
1.03858823534643 0.3055613719955
1.15326051378419 0.22041850677524
1.95364929058398 0.199676061565938
1.60171568692529 0.194583788236149
1.02221632411606 0.167097052649762
2.14064872220641 0.560801907031172
1.27321755806763 0.668709955377233
1.34543413677785 0.0232924749344154
1.18243691511926 0.857661250136169
1.02742275031304 0.254705860046601
1.19360192555255 0.767955249658982
1.15388125725184 0.851410197462551
1.11639724250093 0.428820019427877
1.13972545617705 0.852096081356773
1.3716225058168 0.471750170455586
1.01202101709625 0.0865430414345588
1.06046772308793 0.130682395592057
1.12733880043908 0.583161068633595
1.09698459169683 0.37885037853192
1.18814682498296 0.35121665211598
1.2060027285384 0.611783887181053
2.34760055031219 0.550315962181136
1.28497026857212 0.931244393940446
1.08722142895079 0.440713667886863
1.20438031115246 0.419532056976047
1.1572802732021 0.588656459618411
1.23361276460374 0.71733404827311
1.0294893888483 0.129173382884072
1.20131467855209 0.495099558065152
1.65086903316362 0.643925906926287
1.37622093119071 0.458301188153199
1.33723222031425 0.459401476316562
1.07368669327802 0.478788813134974
1.42231624956547 0.949212471574627
1.1765187520948 0.474924837649444
1.12006509032268 0.0600415645130923
1.07205917903006 0.77601203631529
1.43407828480367 0.398314708906452
2.00434121062776 0.347673223817373
1.06909351526256 0.921765716575954
1.11811906380129 0.731475906289584
1.09912001600865 0.578190214864355
1.17710067931647 0.852759823748315
2.41456999739132 0.860700477071032
1.3396800988932 0.65733421318833
1.50602443771376 0.621914030327128
1.31799311664709 0.62422608058817
1.20438522432781 0.620803999614067
1.73471462184034 0.670248647161115
1.25416814908681 0.66650411216136
1.02106750785945 0.115779077273196
1.02127334798452 0.544879618835103
1.01347317600882 0.813964755764807
1.29504624007534 0.708013660460545
1.37136580157497 0.485463960908918
1.00047271952386 0.472089320473554
1.06664720973086 0.315161297084528
1.06790809788662 0.999891032407882
1.10558879991292 0.991244653175297
1.48833231695077 0.517231953847648
1.08222459452478 0.0563727571016888
1.8382132786345 0.0412989273944215
1.39770665296111 0.0846125397243969
1.01372596418762 0.259254209971956
1.64403889353101 0.845617236098278
1.14086319864375 0.837111121328173
1.0386945982137 0.537844455011102
1.50962681819281 0.147659718320275
1.08455737772324 0.735605591402593
1.62864632211981 0.604711431129112
2.06606734033916 0.490877735114944
1.25221005739013 0.323393983017915
1.08567146192084 0.864316114334527
1.1947747987411 0.702768970858836
1.96828358596553 0.92576156463445
1.55370641606605 0.0177341503672308
1.32823905431639 0.143725910375786
1.01904488859384 0.0359359107286927
1.62788349254464 0.890511972124031
1.29117901225268 0.911487664985595
1.65805661713744 0.744627841592223
1.92600021982937 0.373426187568894
1.03632745557455 0.824435033432475
1.7032339042748 0.693768501981381
1.40870757612772 0.0374248548571849
1.26687259436136 0.625603265681595
1.65641966320619 0.756090149611749
1.26488852401949 0.787115821986332
1.24554995522784 0.438315573618795
1.12472801509932 0.666396615129881
1.23927802264729 0.0625907154823864
1.37906558520452 0.687418671896197
1.35139344564027 0.423138662425952
1.62504966996303 0.330524206306049
1.71244590854071 0.353271721687376
1.49421846359268 0.863958866691288
1.17622183256864 0.516181293513688
1.17854682542059 0.866500450111745
1.56378471129817 0.582168442458265
1.33447086667573 0.771704462515192
1.47200444436828 0.76502587936466
1.21099608512371 0.539908490843928
1.23841032169095 0.820869276159713
1.19010989958519 0.167901413081233
1.59444848216874 0.344077364721536
1.19995967152004 0.594212893188363
1.38910064005076 0.650770221795321
1.90344488760259 0.592525216565694
1.40837236403439 0.7581852083516
1.54645548444101 0.256053523282106
1.21688471407514 0.787119310465594
1.75363576483148 0.828572937410504
1.29015980272551 0.723627910190506
2.04854526345402 0.841204175760147
1.15524521939028 0.697786392023698
1.59990192985053 0.214781084532245
1.59105509487571 0.296219789633169
1.74481246903932 0.442826105409171
1.12475397289098 0.649322938260326
1.40685746709998 0.65280113754855
1.66036924540148 0.288230685296863
1.39520822299694 0.373254570182075
1.09969297536813 0.658006461431833
1.35467547724094 0.895751516950782
1.16254424242289 0.386119932317502
1.00074364232778 0.775599231737375
1.64662329569941 0.627970571736712
1.64941003851444 0.893545826283213
1.01081365040399 0.973871910430672
2.33328696054077 0.636238361521739
2.3299249730496 0.339474835342616
1.75816393528061 0.878955770923298
1.09225001685211 0.685305477233044
1.51187305711514 0.356554176430752
1.19294218744127 0.972661399844131
1.05950315582212 0.395558778572586
1.06663257576468 0.279885879974918
1.6877805296943 0.645018905276405
1.33701276200532 0.357693958884163
2.29294640536007 0.958090275971619
1.00689061633765 0.0389474175091494
1.33477102040049 0.677125986622714
1.16463533753194 0.415613684500294
1.29890353843445 0.585992062934011
2.84963935552312 0.472769955238505
1.41716230677902 0.0408566766799987
1.08077007693276 0.870891360166191
1.32762645138334 0.904034829075652
1.08340303768566 0.177117515195903
1.35963914355471 0.209886637677955
1.36620697491573 0.959878480157241
2.01305717268704 0.722485925550151
1.02044837626037 0.838740028397257
1.12402582110044 0.670085164140791
1.00612801225426 0.41660172607479
1.02850933500689 0.910754805807778
1.11212266867136 0.778177958105432
2.52950966608811 0.273741021872068
1.05236375670401 0.491377197423817
1.07577919554098 0.091211381284561
1.32076221558426 0.297569197425024
1.12621128537515 0.364674145492451
2.13145908742876 0.18831358461998
1.58033187017838 0.476078684435919
1.06909081651351 0.578917580233399
1.61724896362747 0.551633063047407
1.14785065546869 0.651416474145118
1.08085833013082 0.955534779754466
1.02223677837289 0.587952775979919
1.20846980300554 0.753949075353264
1.03991229970376 0.22125817514404
1.48003988303557 0.881564543719766
1.15561819437417 0.111403909027887
1.90966184713865 0.826459221647078
1.8490570861447 0.670071913673594
1.1420408022062 0.568883384549628
1.85014626062753 0.326319910714454
1.13797526021829 0.234076538167428
1.61883852635089 0.94532213240191
1.68211824514948 0.839908376882706
1.20478465231318 0.527524954495101
1.2048313852824 0.165691566923287
1.10042646568324 0.979766856564549
1.39503604160776 0.479029030165307
1.43936240524547 0.447853105875277
1.53586406601682 0.816465623982095
1.06949444162675 0.170876151630762
1.78526862701049 0.922649307196517
1.31858042980937 0.967631275058033
1.19407624568774 0.78326239255901
1.5491313557638 0.732012750494635
1.25853218071309 0.281750939833414
1.10565572143466 0.0255957894943439
1.4596843751068 0.721987803032505
1.56490402879183 0.28106869485181
1.15852702659585 0.202142020140644
1.00310360409124 0.754495261812388
1.04826488637263 0.364001466725835
1.40196490771961 0.267529805700045
1.29242060077303 0.603654335866999
1.41379506849127 0.730417930701324
1.88528945748633 0.800068450039899
1.26134801778643 0.764106395337449
1.00171482523743 0.355846829777907
1.45971487685178 0.0999995209528786
1.12396421171702 0.687109427121349
1.28630506178533 0.813945250854957
1.16352075650854 0.947780144873849
1.4789359498381 0.981161786918789
1.1195127778388 0.994875771150978
1.09373342765721 0.0625834890083123
1.42123468699424 0.738594738628313
1.28889914049705 0.664836641384623
1.15118229254091 0.705293989508154
1.09757645826674 0.382038802360381
1.68966136390876 0.881041761567247
1.13928994308696 0.703934292399706
1.04836842274697 0.701699744783048
1.60196950501973 0.139644348823236
1.10943514603206 0.581034335589241
1.01205978233224 0.826521078098479
1.08744573025814 0.622630098228343
1.16790661332622 0.4890301129826
1.53089804630483 0.196392960690434
1.4057679145671 0.676465711697143
1.26314762621571 0.0919868310322163
1.38144021404872 0.835081480872386
1.1648023074721 0.0314459261340814
1.00433873419702 0.640595010449177
1.17411120023451 0.476836986019803
2.08811910261307 0.291637594805404
1.60312237773102 0.740106582383181
1.00211743452865 0.732945220342266
1.09446138089791 0.578325274329237
1.31285973382257 0.319951074727598
1.73408867217938 0.717522770049889
1.38044002007782 0.311974071156222
1.48884073670396 0.742154800719739
